tridecylene,
tridecylic,
tridecoic,
tridell,
trident,strident,rident
tridental,
tridentate,
tridentated,
tridentiferous,
tridentine,
tridentinian,
tridentlike,
tridents,
trident-shaped,
tridentum,
tridepside,
tridermic,
tridiagonal,
tridiametral,
tridiapason,
tridigitate,
tridii,
tridimensional,
tridimensionality,
tridimensionally,
tridimensioned,
tridymite,
tridymite-trachyte,
tridynamous,
tridiurnal,
tridominium,
tridra,
tridrachm,
triduam,
triduan,
triduo,
triduum,
triduums,
triecious,
trieciously,
tried,ratified,snide,chide,bonafide,guide,glide,side,diversified,fortified,shied,vide,pride,oxide,seaside,satisfied,reside,fratricide,deride,provide,multiplied,cockeyed,override,upside,confide,belied,astride,outside,slide,occupied,modified,fide,hyde,bride,decide,curbside,stride,classified,mortified,wayside,inside,suicide,apartheid,bide,dioxide,tide,dried,beside,stratified,preoccupied,qualified,allied,peroxide,complied,yuletide,worldwide,collide,pried,ide,pesticide,eyed,nationwide,cyanide,blindside,denied,tied,ride,bromide,justified,wide,subside,genocide,terrified,certified,aside,unified,implied,backside,petrified,alongside,landslide,coincide,downside,amplified,homicide,betide,abide,plied,dignified,hide,divide,applied,countryside,decried,broadside,preside,pied,backslide,lied,defied
tried-and-trueness,
triedly,
triedness,
trieennia,
trielaidin,
triene,
trienes,
triennia,
triennial,bicentennial,perennial,millennial,quadrennial,biennial,decennial,penial,centennial
trienniality,
triennially,
triennials,
triennias,
triennium,selenium,rhenium,splenium,xenium
trienniums,
triens,hawaiians,zions,ryans,lions,tie-ins,prions,ghanaians,dandelions,ions,scions,pions,mayans,lyons,bryans
trient,
triental,
trientalis,
trientes,
triequal,
trier,plier,misfire,highflier,squier,emulsifier,schier,choir,dyer,homebuyer,meier,mire,crier,umpire,higher,frier,shyer,wire,conspire,magnifier,fortifier,wildfire,require,campfire,trior,friar,stier,acquire,ayer,brier,buyer,sigher,gunfire,fryer,eyer,meyer,quagmire,plyer,flyer,occupier,rectifier,nigher,purifier,qualifier,shier,prior,sire,cease-fire,hier,briar,cryer,liar,transpire,attire,retire,tire,mier,pacifier,pryer,pyre,enquire,multiplier,spier,tyer,dire,bonfire,fire,rewire,wrier,drier,wryer,pryor,humidifier,guyer,amplifier,foxfire,entire,hire,dryer,ceasefire,prier,hotwire,supplier,identifier,dwyer,desire,satire,flier
trierarch,
trierarchal,
trierarchy,squirearchy
trierarchic,
trierarchies,
tryer-out,
triers,bonfires,purifiers,friars,dryers,squiers,wildfires,fliers,highfliers,homebuyers,liars,friers,smyers,plyers,occupiers,syers,pliers,bryars,wires,ayers,fryers,pacifiers,ceasefires,backfires,squires,aspires,priors,miers,flyers,wyers,viars,acquires,doubtfires,satires,inquires,tires,humidifiers,stiers,swyers,driers,styers,myers,buyers,transpires,dyers,hires,expires,retires,spiers,meyers,pyres,amplifiers,blowdryers,desires,qualifiers,briars,byers,fortifiers,campfires,hyers,criers,requires,umpires,rectifiers,magnifiers,byars,suppliers,fires
trierucin,
tries,proselytize,customize,marginalize,eyes,enterprise,exercise,maximize,patronize,memorize,advertise,demise,capsize,ties,paralyze,recognize,prioritize,mesmerize,authorize,energize,mobilize,emphasize,rise,stabilize,baptize,surprise,guise,synchronize,compromise,wise,disenfranchise,pulverize,aggrandize,apprise,galvanize,allies,empathize,franchise,capitalize,sunrise,familiarize,criticize,visualize,emprise,apologize,belies,scrutinize,tantalize,antagonize,characterize,advise,otherwise,optimize,fries,merchandise,rationalize,prize,analyze,surmise,materialize,epitomize,sympathize,reprise,guys,supervise,ostracize,supplies,socialize,chastise,jeopardize,metastasize,mize,hypothesize,utilize,catalyze,polarize,disguise,despise,devise,crystallize,lies,likewise,plagiarize,prise,arise,organize,revise,revitalize,amortize,size,realize,summarize,minimize,flies,synthesize,finalize,stigmatize,subsidize,improvise,harmonize,comprise
trieste,east,northeast,beast,keast,least,weast,yeast,decreased,increased,feast,greased,priest,policed,released,southeast,fleeced,mideast,ceased,vanderleest,trendiest,vannest,creased,unreleased,deceased,pieced,teast,toniest,depriest,dupriest,bankeast,leased
tri-ester,
trieteric,
trieterics,
triethanolamine,
triethyl,
triethylamine,diethylamine
triethylstibine,
trifa,
trifacial,
trifanious,
trifarious,
trifasciated,
trifecta,perfecta,tecta
triferous,
trifid,
trifilar,
trifistulary,
triflagellate,
trifle,eiffel,pfeifle,strifeful,stifle,reifel,rifle,nifle,zweifel,lifeful
trifled,rifled,stifled
trifledom,
trifler,rifler,stifler,eifler
triflers,
trifles,rifles,kreifels,stifles,schreifels
triflet,
trifly,
trifling,rifling,stifling
triflingly,stiflingly
triflingness,
triflings,
trifloral,
triflorate,
triflorous,
trifluoperazine,
trifluoride,
trifluorochloromethane,
trifluouride,
trifluralin,
trifocal,
trifocals,
trifoil,
trifold,
trifoly,spiffily,chuffily,scruffily,aphylly
trifoliate,defoliate
trifoliated,defoliated
trifoliolate,
trifoliosis,
trifolium,
triforia,
triforial,
triforium,
triform,difform,pliform
triformed,
triformin,
triformity,
triformous,
trifornia,
trifoveolate,
trifuran,
trifurcal,
trifurcate,
trifurcated,
trifurcating,
trifurcation,
trig,rig,swig,rigg,mig,brigue,figg,sigg,stig,sig,sprigg,tig,bigwig,prig,prigge,knigge,sandvig,whig,brig,grigg,quigg,isgrigg,big,gigue,pigg,gig,fig,trygg,digue,vig,mcquigg,wigg,jig,dig,frigg,nigg,pig,twigg,twig,figge,renege,zig,trigg,wig,zbig
trig.,
triga,frigga,striga
trigae,
trigamy,digamy
trigamist,digamist
trigamous,digamous
trigatron,
trigeminal,bigeminal
trigemini,
trigeminous,
trigeminus,
trigeneric,
trigere,
trigesimal,
trigesimo-secundo,
trigged,chugged,bugged,hugged,swigged,plugged,tugged,drugged,lugged,pugged,slugged,unplugged,jugged,frigged,prigged,shrugged,snugged,mugged
trigger,crigger,biggar,jigger,rigueur,viger,digger,chigger,sigur,sligar,rigor,bigger,wigger,vigor,rigger,outrigger
triggered,niggard,sigurd,nygard
triggerfish,
triggerfishes,
trigger-happy,
triggering,rejiggering
triggerless,
triggerman,
trigger-men,
triggers,outriggers,chiggers,siggers,rigors,wiggers,biggers,diggers,driggers
triggest,
trigging,
trigyn,wigeon,smidgin,sigyn,pidgin,bludgeon,dudgeon,smidgeon,widgeon,curmudgeon,gudgeon,trudgen
trigynia,digynia
trigynian,digynian
trigynous,
trigintal,
trigintennial,
trigla,
triglandular,
trigly,
triglyceride,ratified,snide,chide,bonafide,guide,glide,side,diversified,fortified,shied,vide,pride,oxide,seaside,satisfied,reside,fratricide,deride,provide,multiplied,cockeyed,override,upside,confide,belied,astride,outside,slide,occupied,modified,fide,hyde,bride,decide,curbside,stride,classified,mortified,wayside,inside,suicide,apartheid,bide,dioxide,tide,dried,beside,stratified,preoccupied,qualified,allied,peroxide,complied,yuletide,worldwide,collide,pried,ide,pesticide,eyed,cyanide,blindside,denied,tied,ride,bromide,justified,wide,subside,genocide,terrified,certified,aside,unified,implied,backside,petrified,alongside,landslide,coincide,downside,tried,amplified,homicide,betide,abide,plied,dignified,hide,divide,applied,countryside,decried,broadside,preside,pied,backslide,lied,defied
triglycerides,fungicides,pesticides,mountainsides,resides,tides,prides,downsides,insecticides,suicides,homicides,hillsides,derides,ironsides,peptides,bides,roadsides,overrides,whitesides,decides,azides,infanticides,outsides,guides,lapides,glides,wides,tellurides,asides,iodides,fratricides,presides,bromides,oxides,insides,coincides,misguides,rides,sides,landslides,silversides,slides,divides,polysaccharides,provides,abides,chides,fluorides,subsides,nides,fides,confides,besides,herbicides,collides,backsides,strides,brides,genocides,hides,glucosides
triglyceryl,
triglid,
triglidae,
triglyph,diglyph
triglyphal,
triglyphed,
triglyphic,
triglyphical,
triglyphs,
triglochid,
triglochin,
triglot,
trigness,snugness,pignus,lignous,smugness
trignesses,
trigo,steego,mandigo,frigo,montego,griego,vigo,igo,pedigo,darrigo,perrigo,igoe,perigo,pherigo,latigo,samaniego,manigo,ego,arrigo,amerigo,oswego,rodrigo,rigo
trigon,begone,agone
trygon,zygon,twiggen,dugan,biggen,pugin,duggan,duggin,rugin,plug-in,rugen
trigona,
trigonal,agonal
trigonally,
trigone,
trigonella,
trigonellin,
trigonelline,
trigoneutic,
trigoneutism,
trigonia,pogonia
trigoniaceae,
trigoniacean,
trigoniaceous,
trigonic,
trigonid,
trygonidae,
trigoniidae,
trigonite,
trigonitis,
trigono-,
trigonocephaly,
trigonocephalic,
trigonocephalous,
trigonocephalus,
trigonocerous,
trigonododecahedron,
trigonodont,
trigonoid,
trigonometer,
trigonometry,
trigonometria,
trigonometric,
trigonometrical,
trigonometrically,
trigonometrician,
trigonometries,
trigonon,
trigonotype,
trigonous,digonous
trigons,
trigonum,
trigos,
trigram,digram,agram
trigrammatic,
trigrammatism,
trigrammic,
trigrams,
trigraph,siggraph,digraph
trigraphic,
trigraphs,
trigs,juggs,luges,buggs,bugs,prigs,thugs,swigs,slugs,sprigs,lugs,chugs,hugs,plugs,mugs,shrugs,snugs,snuggs,scruggs,brigs,drugs,ladybugs,tugs,jugs,suggs,earplugs,rugs
triguttulate,
trygve,
trihalid,
trihalide,
trihedra,
trihedral,dihedral
trihedron,dihedron
trihedrons,
trihemeral,
trihemimer,
trihemimeral,
trihemimeris,
trihemiobol,
trihemiobolion,
trihemitetartemorion,
trihybrid,dihybrid
trihydrate,
trihydrated,
trihydric,
trihydride,
trihydrol,
trihydroxy,
trihypostatic,
trihoral,
trihourly,
tryhouse,
trying,flying,simplifying,kiang,codifying,reclassifying,spying,purifying,diversifying,complying,prying,satisfying,unsatisfying,intensifying,ratifying,multiplying,personifying,qiang,belying,blowdrying,identifying,giing,implying,nullifying,outlying,disqualifying,certifying,scrying,undying,horrifying,supplying,qualifying,plying,misapplying,allying,gentrifying,edifying,retrying,skying,modifying,falsifying,relying,gratifying,clarifying,overlying,indemnifying,semidrying,testifying,hsiang,rectifying,fortifying,glorifying,defying,speechifying,specifying,classifying,misidentifying,quantifying,verifying,underlying,highflying,electrifying,stultifying,solidifying,applying,terrifying,oversimplifying,amplifying,decrying,crying,unifying,replying,denying,frying,magnifying,justifying,stying,notifying,signifying,mystifying,exemplifying,overflying,drying,hying,mummifying,occupying
tryingly,lyingly,dyingly,pryingly
tryingness,
tri-iodide,
triiodomethane,
triiodothyronine,
trijet,brigit,budget,mudgett,nidget
trijets,
trijugate,
trijugous,
trijunction,
trikaya,
trike,ladylike,fike,swordlike,netlike,pike,ghostlike,hike,klondike,fyke,updike,psych,dyke,hornlike,knifelike,lookalike,unsportsmanlike,tike,alike,vandyke,statesmanlike,eyelike,lyke,apelike,carmike,saltlike,stike,grasslike,dreamlike,reich,bleich,unlike,shrike,spike,leaflike,hitchhike,teich,businesslike,tyke,fernlike,berrylike,birdlike,starlike,turnpike,gleich,bike,airstrike,wike,eich,strike,dike,wormlike,skrike,winglike,plantlike,like,mike,ike,glike,pyke,starchlike,grike,moonlike,fanlike,lifelike,catlike,beaklike,motorbike,doglike,eellike,brike,rike,sharklike,homelike,mosslike,glasslike,weich,needlelike,childlike,wyke,warlike,dyck,platelike,psych-,snakelike,dislike,workmanlike
triker,
trikeria,
trikerion,
trikes,wykes,spikes,hikes,sykes,hitchhikes,hykes,kikes,ickes,turnpikes,shrikes,lykes,alikes,sikes,airstrikes,dykes,dislikes,mikes,bikes,fikes,likes,strikes,moueix,pikes,tikes,tykes,motorbikes,yikes,vikes,dikes,nikes,reicks
triketo,
triketone,
trikir,
trikora,
trilabe,
trilabiate,
trilafon,
trilamellar,
trilamellated,
trilaminar,
trilaminate,
trilarcenous,
trilateral,bilateral,unilateral,lateral,plurilateral,multilateral,collateral
trilaterality,
trilaterally,
trilateralness,
trilateration,
trilaurin,
trilbee,
trilbi,
trilby,gilby,filby,gilbey,milby,kilby,philby,bilby
trilbie,
trilbies,
triley,
trilemma,
trilinear,
trilineate,
trilineated,
trilingual,
trilingualism,
trilingually,
trilinguar,
trilinolate,
trilinoleate,
trilinolenate,
trilinolenin,
trilisa,
trilit,
trilite,
triliteral,illiteral
triliteralism,
triliterality,
triliterally,
triliteralness,
trilith,
trilithic,
trilithon,
trilium,
trill,anthill,landfill,distill,il,albertville,schill,handbill,pil,grille,dill,goodwill,zill,chill,spill,rille,shrill,jill,windmill,foothill,nill,nil,hornbill,phil,bastille,gil,thrill,wil,swill,crill,krill,sill,mandeville,quill,treadmill,drill,grill,overkill,pill,downhill,refill,daffodil,deville,rill,zil,lille,gill,hill,belleville,bil,twill,demille,kill,ghyll,thill,ville,standstill,abril,overfill,prill,ill,until,bill,fil,cowgill,dphil,sawmill,mille,lil,fulfill,fill,bougainville,still,brill,advil,brazil,distil,till,stil,molehill,will,mil,tamil,frill,skill,uphill,seville,fille,mill,instill,shill,til,sil
trilla,
trillachan,delichon
trillado,
trillando,
trillbee,
trillby,
trilled,nulled,skuld,unequaled,gulled,swilled,culled,skulled,frilled,sculled,quilled,lulled,twilled,mulled,dulled,hulled,shrilled
trilley,
triller,stuller,mcculler,watercolor,luller,discolor,mccullar,culler,kodacolor,duller,guller,color,technicolor,tullar,multicolor,griller,tuller,colour,noncolor,metrocolor,muller,shriller,huller
trillers,
trillet,
trilleto,
trilletto,
trilli,
trilly,
trilliaceae,tiliaceae,liliaceae
trilliaceous,
trillibub,
trilliin,
trillil,
trilling,skilling,dilling,swilling,rototilling,thrilling,fulfilling,drilling,chilling,yearling,overbilling,tilling,zwilling,instilling,hilling,filling,schilling,billing,grilling,distilling,spilling,milling,rilling,quilling,killing,overkilling,shilling,pilling,unwilling,willing
trillion,hillian,quillian,lilian,brazilian,octillion,papillion,reptilian,vermilion,billion,zillion,filion,pavilion,mcmillion,pavillion,vermillion,pillion,killion,jillian,multimillion,million,vaudevillian,dillion,fillion,castrillon,stillion,jillion,multibillion,killian,mcmillian,civilian,crocodilian
trillionaire,
trillionize,
trillions,billions,jillions,civilians,brazilians,reptilians,pavilions,zillions,hillians,millions
trillionth,
trillionths,
trillium,ilium,phyllium,lilium,cilium,ileum,milium,pileum
trilliums,
trillo,decamillo,cirillo,fiorillo,kyllo,sedillo,barillo,chilo,camillo,petillo,murillo,hermosillo,delgadillo,parillo,pattillo,melillo,gordillo,delcastillo,tillow,santillo,demilo,piccirillo,chikatilo,phyllo-,truxillo,grandillo,calvillo,camarillo,pestillo,hylo-,angelillo,kurylo,cardillo,castillo,branillo,petrillo,alamillo,granillo,mongillo,morvillo,badillo,lanzillo,bustillo,capetillo,lillo,bilow,delillo,caudillo,xylo-,grillo,chiloe,portillo,patillo,phyllo,jaramillo,mendillo,russolillo,cedillo,dicamillo,perillo,parrillo,chilo-,phylo,billow,carrillo,carrasquillo,armadillo,biondolillo,ronquillo,phylo-,schillo,casillo,pillow,pucillo,pontillo,amarillo,morillo,killow,carillo,kilo-,dillow,paolillo,cillo,cutillo
trilloes,
trills,dulls,gulls,hulls,culls,lulls,sculls,skulls,mulls,swills,grilles,quills,huls,nulls,brills,seagulls
trilobal,
trilobate,delibate,stylobate,hylobate
trilobated,
trilobation,
trilobe,
trilobed,
trilobita,
trilobite,
trilobitic,
trilocular,elocular
triloculate,
trilogy,
trilogic,
trilogical,
trilogies,
trilogist,
trilophodon,
trilophodont,
triluminar,
triluminous,
trim,lim,mim,grimme,tim,bihm,kimm,hymn,rim,brim,synonym,im,swim,grim,kibbutzim,kym,chiarnim,skim,crimm,whim,prim,patronym,primm,vim,klym,yim,kim,sym,gym,limb,crim,trimm,clim,sim,slim,shim,klim,grimm,zim,mihm,dim,chimb,prelim,pymm,mckim,timme,flim,brimm,haradim,pimm,krim,forelimb,simm,imm,timm,pseudonym,him,jim
tryma,ummah,lumma,mumma,thumma,humma,gumma
trimacer,
trimacular,
trimaculate,
trimaculated,
trim-ankled,
trimaran,
trimarans,
trimargarate,
trimargarin,
trimastigate,
trymata,
trim-bearded,
trimble,kimball,thimble,gimbel,kimble,nimble,kimbel,cymbal,symbol
trim-bodiced,
trim-bodied,
trim-cut,
trim-dressed,
trimellic,pimelic
trimellitic,
trimembral,
trimensual,
trimer,scrimer,comer,rummer,plumber,midsummer,dummer,summer,summar,slummer,hummer,glummer,strummer,sommer,drummer,bummer,plummer,nemir,somer,brummer,gummer,sumer,dumber,mummer,newcomer,kummer
trimera,dimera
trimercuric,
trimeresurus,
trimeric,
trimeride,
trimerite,
trimerization,
trimerous,
trimers,
trimesic,
trimesyl,
trimesinic,
trimesitic,
trimesitinic,
trimester,ivester,ester,sequester,chester,requester,semester,protester,quester,fester,digester,mester,lester,westar,questar,pester,investor,silvester,kester,rochester,zester,trester,leicester,bankworcester,wenchester,nestor,vester,wrester,nester,rester,mestre,manchester,sylvester,dorchester,sylvestre,mclester,westchester,hester,amvestor,polyester,testor,vestar,brester,ancestor,wester,winchester,molester,bester,questor,jester,esther,tester
trimesters,
trimestral,semestral
trimestrial,
trimetalism,
trimetallic,
trimetallism,
trimeter,cimeter,dimeter,simitar
trimeters,
trimethadione,
trimethyl,dimethyl
trimethylacetic,
trimethylamine,
trimethylbenzene,
trimethylene,
trimethylglycine,
trimethylmethane,
trimethylstibine,
trimethoxy,
trimetric,dimetric
trimetrical,
trimetrogon,
trim-hedged,
tri-mide,
trimyristate,
trimyristin,
trim-kept,
trimly,crumly,dumbly,glumly,slimly,brumley,comely,rumley,lumley,plumley,numbly,crumley,drumly,chumley
trim-looking,
trimmed,rimmed,hymned,limned,limbed,slimmed,shimmed,dimmed,brimmed,skimmed
trimmer,dimmer,wimmer,timur,brimmer,glimmer,schwimmer,timmer,swimmer,simmer,limmer,primmer,grimmer,skimmer,slimmer,zimmer,excimer,shimmer,klimer,kimmer,nimmer,rimmer
trimmers,simmers,swimmers,glimmers,skimmers,timmers,dimmers,shimmers,zimmers
trimmest,summist,primmest,numbest,glummest,bemist,hymnist,dimmest,rummest,dumbest
trimming,brimming,slimming,dimming,schimming,swimming,skimming
trimmingly,skimmingly,numbingly,swimmingly
trimmings,
trimness,slimness,alumnus,dimness,primness,glumness,numbness,dumbness
trimnesses,
trimodal,
trimodality,
trimolecular,
trimont,
trimonthly,
trimoric,
trimorph,dimorph
trimorphic,
trimorphism,
trimorphous,dimorphous
trimorphs,
trimotor,
trimotored,
trimotors,
trims,limns,mimms,timbs,tims,simms,mims,hymns,wims,shims,slims,kims,whims,limbs,gimmes,nims,swims,symms,mimbs,rims,syms,gyms,sims,forelimbs,timms,symmes,pseudonyms,nigms,prelims,dims
tryms,
trimscript,
trimscripts,
trimstone,
trim-suited,
trim-swept,
trimtram,
trimucronatus,
trim-up,
trimurti,
trimuscular,
trim-waisted,
trin,
trina,
trinacria,
trinacrian,
trinal,crinal,polyvinyl,clinal,rhinal,vineal,steinle,heinle,final,semifinal,spinal,vinyl,heinl,weinel,sinal,vaginal,vinal
trinality,
trinalize,
trinary,quinary,vinery,pinery
trination,
trinational,
trinatte,
trinchera,
trincomalee,
trincomali,
trindle,rindle,undull,mundell,pundle,blundell,cundall,trundle,unbundle,gundel,gundle,rundell,rundall,blundall,rundle,zundel,bundle,lundell,cundill,grundel,sundell
trindled,
trindles,
trindling,
trine,airline,moonshine,aline,skyline,lupine,chine,intertwine,mine,asinine,define,storyline,resign,concubine,twine,benign,rine,outline,baseline,genuine,tagline,turpentine,sine,brine,alpine,hotline,incline,swine,deadline,palatine,zine,spine,outshine,refine,malign,endocrine,combine,guideline,fein,punchline,wine,grapevine,align,shine,alkaline,nine,canine,spline,affine,line,porcupine,supine,thine,dopamine,byline,decline,devine,sunshine,bovine,opine,vine,undermine,pipeline,crystalline,assign,byzantine,ballantine,divine,enshrine,consign,borderline,sign,whine,stein,streamline,online,saccharine,cline,pine,tine,underline,design,fine,serpentine,confine,quinine,iodine,entwine,stine,eglantine,headline,frontline,feline,lifeline,clementine,sideline,valentine,dine,shrine,equine
trined,
trinee,
trinely,
trinervate,
trinerve,
trinerved,
trines,
trinetta,
trinette,
trineural,
tringa,linga,kumaratunga,chunga,munga,gringa,tunga,punga,cowabunga
tringine,
tringle,gingle,cingle,springle,cringle,jingal,kringle,ningal,pingle
tringoid,
trini,
triny,
trinia,
trinidad,sad,tad,gadd,scad,amstrad,hyderabad,madd,comrade,ecad,dradde,visegrad,shad,sinbad,halmstad,ciudad,schad,ydrad,cad,plaid,triad,had,clad,doodad,lad,sociedad,undergrad,amistad,riyad,rad,galahad,caridad,flad,gad,riyadh,ladde,tadd,mad,vlad,unctad,ironclad,tchad,bad,ladd,mirad,soledad,leningrad,thad,olympiad,hadd,shadd,stalingrad,keypad,chad,dad,strad,nomad,grad,thinkpad,shabad,ad,volgograd,glad,dyad,nad,pad,forbad,mossad,add,kaliningrad,fad,brad,grandad
trinidadian,
trinidado,
trinil,
trining,
trinitarian,
trinitarianism,
trinitarians,
trinity,infiniti,femininity,divinity,affinity,vicinity,salinity,alkalinity,mcginnity,masculinity,infinity,virginity
trinities,
trinityhood,
trinitytide,
trinitrate,
trinitration,
trinitrid,
trinitride,
trinitrin,
trinitro,
trinitro-,
trinitroaniline,
trinitrobenzene,
trinitrocarbolic,
trinitrocellulose,
trinitrocresol,
trinitroglycerin,
trinitromethane,
trinitrophenylmethylnitramine,
trinitrophenol,dinitrophenol
trinitroresorcin,
trinitrotoluene,
trinitrotoluol,
trinitroxylene,
trinitroxylol,
trink,sunk,bunk,klunk,bunke,hunke,schmunk,runk,punk,shrunk,juhnke,trunk,drunk,ruhnke,finunc,slink,stunk,flunk,blunk,junk,blunck,plunk,shunk,dunk,twink,funk,munk,prink,slunk,hunk,skunk,yunk,monk,funck,krunk,spelunk,xlink,crunk,strunk,schunk,kuhnke,chunk,funke,clunk,dunc,vandunk,brunke,skink,runck,brunk,spunk,debunk
trinkerman,
trinkermen,
trinket,pinkett
trinketed,
trinketer,
trinkety,
trinketing,
trinketry,
trinketries,
trinkets,
trinket's,
trinkgeld,
trinkle,winkle,twinkle,finkle,sprinkel,sprinkle,dinkel,winkel,bulwinkle,krenwinkle,wrinkle,hinkel,hinkle,kinkel,bullwinkle,shinkle,minkel,finckle,finkel,schinkel,tinkle,vanwinkle,kinkle,garfinkle
trinklement,
trinklet,
trinkum,
trinkums,
trinkum-trankum,
trinl,
trinobantes,
trinoctial,
trinoctile,
trinocular,
trinodal,synodal
trinode,
trinodine,
trinol,
trinomen,
trinomial,monomial
trinomialism,
trinomialist,
trinomiality,
trinomially,
trinopticon,
trinorantum,
trinovant,
trinovantes,
trintle,
trinucleate,enucleate
trinucleotide,dinucleotide
trinucleus,
trinunity,
trinway,
trio,bestow,rainbow,otto,gusto,aglow,torso,owe,joe,dough,micro,aficionado,although,toe,blow,plough,radio,so,virago,patio,adagio,no,o,yoe,forego,tomorrow,espresso,glow,tomato,portico,vertigo,audio,borrow,archipelago,cameo,plateau,buffalo,hydro,slow,bio,pro,calypso,undergo,escrow,coco,below,whoa,ho,know,ratio,torpedo,roe,manifesto,go,quo,row,shadow,tornado,lo,hello,winnow,overthrow,apropos,low,meadow,doe,studio,sew,throw,flow,fallow,glo,snow,rococo,mow,veto,portfolio,bowe,willow,mo,crow,woe,foe,potato,forgo,beau,rhino,tableau,grotto,tempo,show,hoe,grow,tow,photo,though,co,dado,indigo
triobol,
triobolon,
trioctile,
triocular,
triode,
triode-heptode,
triodes,
triodia,
triodion,
triodon,
triodontes,
triodontidae,
triodontoid,
triodontoidea,
triodontoidei,
triodontophorus,
trioecia,
trioecious,dioecious
trioeciously,
trioecism,
trioecs,
trioicous,
triol,
triolcous,
triole,
trioleate,
triolefin,
triolefine,
trioleic,
triolein,
triolet,
triolets,
triology,
triols,
trion,
tryon,hsian,ghanaian,scion,obrien,ion,xtian,prion,guyon,mayan,lyon,stian,brion,dandelion,dian,skien,fionn,mion,hyun,brien,himalayan,uruguayan,pryan,hsien,chian,dion,prian,ryon,rion,ryen,brian,zion,orion,bryen,fly-in,obrian,bryon,ryan,hawaiian,wian,cryan,obryan,paraguayan,lion,ixion,bryan,wion
try-on,on,bygone,epsilon,pawn,lawn,ron,oman,dawn,wan,parmesan,gone,pantheon,juan,photon,meson,don,avalon,carillon,iran,radon,salon,antiphon,echelon,sean,swan,babylon,marathon,liaison,khan,hon,gabon,pecan,denouement,pylon,baton,octagon,capon,yuan,hexagon,pion,upon,yawn,fawn,axon,pentagon,micron,withdrawn,woebegone,celadon,non,yon,neutron,coupon,mastodon,oberon,lexicon,boron,prawn,quan,con,john,proton,han,amadon,foregone,emoticon,braun,flawn,forgone,bon,tron,polygon,exon,amazon,drawn,rapprochement,crayon,argon,paragon,agamemnon,phenomenon,automaton,aileron,aragon,moron,hogan,nylon,chiffon,oregon,brawn,spawn
trional,
triones,
trionfi,
trionfo,
trionychid,
trionychidae,
trionychoid,
trionychoideachid,
trionychoidean,
trionym,
trionymal,
trionyx,
trioperculate,
triopidae,
triops,psyops
trior,plier,misfire,highflier,squier,emulsifier,schier,choir,dyer,homebuyer,meier,mire,crier,umpire,higher,frier,shyer,wire,conspire,magnifier,fortifier,wildfire,require,campfire,friar,stier,acquire,ayer,brier,buyer,sigher,gunfire,fryer,eyer,meyer,quagmire,plyer,flyer,occupier,rectifier,nigher,purifier,qualifier,shier,prior,sire,cease-fire,hier,briar,cryer,liar,transpire,attire,retire,tire,mier,pacifier,pryer,pyre,enquire,multiplier,spier,tyer,trier,dire,bonfire,fire,rewire,wrier,drier,wryer,pryor,humidifier,guyer,amplifier,foxfire,entire,hire,dryer,ceasefire,prier,hotwire,supplier,identifier,dwyer,desire,satire,flier
triorchis,
triorchism,
triorthogonal,
trios,larios,leos,barrios,zedillos,meows,dedios,palacios,berrios
triose,
trioses,
triosteum,
tryout,burnout,route,dropout,out,stout,breakout,devout,blowout,hangout,all-out,tout,standout,blackout,washout,printout,throughout,payout,lout,checkout,reroute,cookout,timeout,hideout,gout,buyout,takeout,sprout,redoubt,knockout,bailout,grout,fallout,roundabout,lockout,lookout,bout,doubt,rollout,drought,sauerkraut,holdout,knout,without,ridout,scout,glout,dugout,about,handout,trout,cutout,rout,clout,snout,readout,pout,spout,workout,shout,layout,turnout,flout
tryouts,standouts,pouts,hideouts,cutouts,turnouts,washouts,clouts,thereabouts,bailouts,strikeouts,payouts,doubts,handouts,pullouts,scouts,fallouts,whereabouts,buyouts,stakeouts,layouts,routes,lockouts,outs,couts,sellouts,dropouts,louts,foutz,houts,shouts,routs,hangouts,trouts,youtz,touts,droughts,coutts,fouts,blowouts,hereabouts,printouts,houtz,blackouts,sprouts,bouts,knockouts,cookouts,eelpouts,workouts,flouts,spouts,stouts,dugouts,snouts,brownouts,holdouts,walkouts,checkouts,breakouts,gouts
triovulate,
trioxazine,
trioxid,
trioxide,
trioxides,
trioxids,
trioxymethylene,
triozonid,
triozonide,
trip,kinship,bip,proprietorship,lightship,yip,snip,directorship,roundtrip,scrip,generalship,pip,conservatorship,bipartisanship,tip,gamesmanship,lip,partnership,gunship,clip,censorship,strip,drip,trusteeship,rip,consulship,upmanship,professorship,blip,equip,dealership,membership,championship,craftsmanship,kip,scholarship,sponsorship,grip,microchip,companionship,partisanship,sportsmanship,unzip,internship,readership,battleship,fellowship,one-upmanship,dictatorship,grippe,chairmanship,courtship,stewardship,chip,whip,crip,ship,showmanship,leadership,flagship,nip,citizenship,dip,apprenticeship,receivership,quip,skip,workmanship,steamship,sip,gyp,slip,thrip,fingertip,governorship,zip,relationship,starship,brinkmanship,authorship,spaceship,flip,brinksmanship,airstrip,homeownership,headship,distributorship,warship,hip,airship,ownership,ip,draftsmanship,outstrip
tryp,
trypa,
tripack,
tri-pack,
tripacks,
trypaflavine,
tripal,
tripaleolate,
tripalmitate,
tripalmitin,
trypan,
trypaneid,
trypaneidae,
trypanocidal,
trypanocide,
trypanolysin,
trypanolysis,
trypanolytic,
trypanophobia,
trypanosoma,
trypanosomacidal,
trypanosomacide,
trypanosomal,
trypanosomatic,
trypanosomatidae,
trypanosomatosis,
trypanosomatous,
trypanosome,
trypanosomiasis,
trypanosomic,
tripara,
tryparsamide,
tripart,
triparted,
tripartedly,
tripartible,
tripartient,
tripartite,rite,downright,delight,fight,overnight,luddite,extradite,trite,invite,cite,spotlight,limelight,wight,overwrite,blight,forthright,dolomite,oversight,upright,byte,outright,unite,height,excite,bight,smight,midnight,apartheid,kite,nite,copyright,erudite,slight,appetite,uptight,incite,twilight,rewrite,satellite,alight,highlight,feit,indite,quite,playwright,acolyte,sleight,lite,recite,moonlight,write,website,tight,might,sight,mite,polite,right,frostbite,despite,bright,fright,night,apatite,underwrite,hermaphrodite,graphite,brite,foresight,white,recondite,plight,ignite,smite,goodnight,plebiscite,fahrenheit,parasite,site,insight,backbite,expedite,meteorite,hindsight,light,alright,indict,contrite,neophyte,dight,wright,fortnight,bite,flight,finite,twite,lignite,sprite,knight,spite
tripartitely,bipartitely
tripartition,
tripaschal,
tripe,prototype,knipe,tintype,grype,ferrotype,subtype,pipe,tailpipe,shipe,cripe,skype,stipe,blowpipe,flipe,archetype,overripe,linotype,sipe,swipe,blype,type,snipe,slipe,ripe,teletype,syp,bagpipe,stereotype,pinstripe,hype,stripe,lipe,phenotype,wipe,genotype,gripe,gipe,monotype,slype
tripedal,
tripe-de-roche,
tripe-eating,
tripel,quintuple,dripple,swiple,lipyl,ruppel,stipel,pipul,decouple,couple,swipple,uncouple,stipple,supple,pupal,pipile,gripple
tripelennamine,
tripelike,
tripeman,
tripemonger,
tripennate,bipinnate
tripenny,
tripeptide,dipeptide
tripery,
triperies,
tripersonal,
tri-personal,
tripersonalism,
tripersonalist,
tripersonality,
tripersonally,
tripes,
tripe-selling,
tripeshop,
tripestone,pipestone
trypeta,
tripetaloid,
tripetalous,
trypetid,
trypetidae,
tripewife,
tripewoman,
trip-free,
triphammer,
trip-hammer,
triphane,
triphase,
triphaser,
triphasia,
triphasic,
tryphena,
triphenyl,
triphenylamine,
triphenylated,
triphenylcarbinol,
triphenylmethane,
triphenylmethyl,
triphenylphosphine,
triphibian,
triphibious,
triphyletic,
triphyline,
triphylite,
triphyllous,diphyllous,aphyllous
triphysite,
triphony,
triphora,
tryphosa,
triphosphate,diphosphate
triphthong,
triphthongal,diphthongal
tripy,
trypiate,
tripylaea,
tripylaean,
tripylarian,
tripylean,
tripinnate,
tripinnated,
tripinnately,
tripinnatifid,
tripinnatisect,
tripyrenous,
tripitaka,
tripl,
tripla,
triplane,
triplanes,
triplaris,
triplasian,
triplasic,
triple,gipple,sippel,ripple,trippel,knipple,participle,hipple,knippel,knipl,tripple,klippel,whipple,tipple,schiphol,fipple,nipple,cripple,dippel,dipple,rippel,sipple
triple-acting,
triple-action,
triple-aisled,
triple-apsidal,
triple-arched,
triple-awned,
tripleback,
triple-barbed,
triple-barred,
triple-bearded,
triple-bodied,
triple-bolted,
triple-branched,
triple-check,
triple-chorded,
triple-cylinder,
triple-colored,
triple-crested,
triple-crowned,
tripled,crippled,rippled
triple-deck,
triple-decked,
triple-decker,
triple-dyed,
triple-edged,
triple-entry,
triple-expansion,
triplefold,
triple-formed,
triple-gemmed,
triplegia,diplegia
triple-hatted,
triple-headed,
triple-header,
triple-hearth,
triple-ingrain,
triple-line,
triple-lived,
triple-lock,
triple-nerved,
tripleness,
triple-piled,
triple-pole,
tripler,
triple-rayed,
triple-ribbed,
triple-rivet,
triple-roofed,
triples,cripples,nipples,ripples,participles
triple-space,
triple-stranded,
triplet,triplett,shiplett
tripletail,triple-tail
triple-tailed,
triple-terraced,
triple-thread,
triple-throated,
triple-throw,
triple-tiered,
triple-tongue,
triple-tongued,
triple-tonguing,
triple-toothed,
triple-towered,
tripletree,
triplets,
triplet's,
triplett,shiplett,triplet
triple-turned,
triple-turreted,
triple-veined,
triple-wick,
triplewise,
triplex,amex,vertex,cineplex,treks,videotex,specs,convex,gatx,wrecks,subjects,jex,intersects,ampex,lex,apex,dissects,pecks,aix,projects,next,plex,tenrecs,intellects,complex,cybersex,nymex,tex,comex,respects,vex,metroplex,mex,nynex,objects,pemex,fedex,atx,ex,paychecks,necks,czechs,aztecs,rejects,nex,becks,simplex,bottlenecks,latex,rednecks,telex,effects,truex,intex,suspects,execs,rex,cmx,rolodex,lecce,annex,duplex,checks,discotheques,hex,techs,expects,flecks,ejects,telmex,megaplex,finex,specks,decks,kecks,roughnecks,sex,dex,middlesex,flex,cheques,x,whelks,perplex,banamex,eques,reflects,multiplex,fecks,unisex,sphex
triplexes,
triplexity,
triply,coupley,supplee,rupley,hiply
tri-ply,
triplicate,
triplicated,
triplicately,
triplicate-pinnate,
triplicates,
triplicate-ternate,
triplicating,
triplication,
triplications,
triplicative,
triplicature,
triplice,
triplicist,
triplicity,
triplicities,
triplicostate,
tripliform,
triplinerved,
tripling,crippling,stripling,rippling,kipling
triplite,
triplites,
triplo-,
triploblastic,diploblastic
triplocaulescent,
triplocaulous,
triplochitonaceae,
triploid,diploid
triploidy,diploidy
triploidic,
triploidite,
triploids,
triplopy,
triplopia,diplopia
triplum,
triplumbic,
tripmadam,
trip-madam,
tripod,applaud,abad,cawed,arthropod,claude,tawed,elrod,yawed,todd,ipod,riyad,antifraud,novgorod,rod,claud,cephalopod,schrod,strawed,quad,bawd,ramrod,gnawed,ballade,laude,hawed,mossad,brod,baaed,assad,mod,sod,backboard,scrod,fahd,thawed,seedpod,plod,odd,codd,riad,pawed,laud,natividad,broad,shod,maraud,tod,braud,escalade,seesawed,saud,pod,goldenrod,facade,jawed,slipshod,squad,saad,aud,flawed,roughshod,riyadh,esplanade,raad,cod,clawed,peapod,glod,wad,outlawed,tightwad,maude,abroad,dodd,maud,brachiopod,chmod,baud,rashad,sprod,chawed,god,prod,sawed,trod,petard,plaud,awed,penrod,defraud,pernod,fraud,nod,belgrade,chaud
tripodal,
trypodendron,
tripody,
tripodial,
tripodian,
tripodic,
tripodical,
tripodies,
tripods,clods,bauds,dodds,odds,prods,plods,facades,squads,owades,gods,broads,wads,arthropods,pods,lauds,applauds,rods,backboards,quads,nods,frauds,brachiopods
trypograph,
trypographic,
tripointed,
tripolar,
tripoli,
tripoline,
tripolis,
tripolitan,
tripolitania,
tripolite,
tripos,
triposes,
tripot,
try-pot,
tripotage,
tripotassium,
tripoter,
tripp,kinship,bip,proprietorship,lightship,yip,snip,directorship,roundtrip,scrip,generalship,pip,conservatorship,bipartisanship,tip,gamesmanship,lip,partnership,gunship,clip,censorship,strip,drip,trusteeship,rip,consulship,upmanship,professorship,blip,equip,dealership,membership,championship,craftsmanship,kip,scholarship,sponsorship,grip,microchip,companionship,partisanship,sportsmanship,unzip,internship,readership,battleship,fellowship,one-upmanship,dictatorship,grippe,chairmanship,courtship,stewardship,chip,whip,crip,ship,showmanship,leadership,flagship,nip,citizenship,dip,apprenticeship,receivership,quip,skip,workmanship,steamship,sip,gyp,trip,slip,thrip,fingertip,governorship,zip,relationship,starship,brinkmanship,authorship,spaceship,flip,brinksmanship,airstrip,headship,distributorship,warship,hip,airship,ownership,ip,outstrip
trippant,uppent
tripped,kipped,clipped,zipped,hipped,nipped,sipped,manuscript,dripped,outstripped,whipped,script,pipped,javascript,quipped,ripped,unzipped,stripped,yipped,lipped,transcript,nondescript,chipped,whipt,flipped,skipped,dipped,postscript,encrypt,equipped,gripped,gypped,slipped,telescript,crypt,tipped,shipped,conscript
tripper,stripper,knipper,sippar,slipper,dipper,shipper,lipper,tipper,kippur,schipper,clipper,skipper,chipper,sipper,kipper,flipper,whipper,gipper,nipper,ripper,zipper,hipper
trippers,kippers,flippers,clippers,skippers,zippers,schippers,tippers,slippers,shippers,strippers,dippers
trippet,sippet,skippet
trippets,
tripping,nipping,gripping,slipping,dipping,stripping,dripping,outstripping,whipping,shipping,chipping,ripping,flipping,tipping,zipping,skipping,sipping,clipping,equipping
trippingly,skippingly,grippingly,nippingly
trippingness,
trippings,
trippist,
tripple,gipple,sippel,ripple,trippel,knipple,participle,hipple,knippel,triple,knipl,klippel,whipple,tipple,schiphol,fipple,nipple,cripple,dippel,dipple,rippel,sipple
trippler,
trips,ellipse,battleships,lipse,shipps,rips,spaceships,partnerships,ships,chips,relationships,flagships,tips,receiverships,whipps,apprenticeships,woodchips,drips,professorships,memberships,sponsorships,mips,distributorships,lightships,lipps,slips,airships,proprietorships,airstrips,dictatorships,strips,directorships,internships,quips,dripps,chairmanships,scripts,dealerships,apocalypse,outstrips,gunships,snips,zips,blips,tipps,judgeships,fellowships,equips,scholarships,phipps,crips,cripps,fipps,grips,sips,chipps,warships,championships,eclipse,flips,pips,gypse,leaderships,kippes,whips,nips,ambassadorships,hipps,econships,skips,microchips,hips,governorships,scripps,fingertips,postscripts,thrips,lips,clips,dips
trip's,
tripsacum,
tripsill,
trypsin,upson,nupson,kipskin
trypsinize,
trypsinogen,
trypsins,
tripsis,
tripsome,
tripsomely,
tript,
tryptamine,
triptane,
triptanes,
tryptase,
tripterous,
tryptic,styptic,stiptic,glyptic,luptak,up-tick
triptyca,
triptycas,
triptych,ecliptic,apocalyptic,liptak,cryptic
triptychs,
triptyque,
trip-toe,
tryptogen,
triptolemos,
triptolemus,
tryptone,
tryptonize,
tryptophan,
tryptophane,
triptote,diptote
tripudia,
tripudial,
tripudiant,
tripudiary,
tripudiate,
tripudiation,
tripudist,
tripudium,
tripunctal,
tripunctate,
tripura,
tripwire,
,
